     1        0   0.000
     2    19129   0.010
     3    38064   0.020
     4    56999   0.030
     5    75934   0.040
     6    94869   0.050
     7   113804   0.060
     8   132739   0.070
     9   151674   0.080
    10   170609   0.090
    11   189544   0.100
    12   208479   0.110
    13   227414   0.120
    14   246349   0.130
    15   265284   0.140
    16   284219   0.150
    17   303154   0.160
    18   322089   0.170
    19   341024   0.180
    20   359959   0.190
    21   378894   0.200
    22   397829   0.210
    23   416764   0.220
    24   435699   0.230
    25   454634   0.240
    26   473569   0.250
    27   492504   0.260
    28   511439   0.270
    29   530374   0.280
    30   549309   0.290
    31   568244   0.300
    32   587179   0.310
    33   606114   0.320
    34   625049   0.330
    35   643984   0.340
    36   662919   0.350
    37   681854   0.360
    38   700789   0.370
    39   719724   0.380
    40   738659   0.390
    41   757594   0.400
    42   776529   0.410
    43   795464   0.420
    44   814399   0.430
    45   833334   0.440
    46   852269   0.450
    47   871204   0.460
    48   890139   0.470
    49   909074   0.480
    50   928009   0.490
    51   946944   0.500
    52   965879   0.510
    53   984814   0.520
    54  1003749   0.530
    55  1022684   0.540
    56  1041619   0.550
    57  1060554   0.560
    58  1079489   0.570
    59  1098424   0.580
    60  1117359   0.590
    61  1136294   0.600
    62  1155229   0.610
    63  1174164   0.620
    64  1193099   0.630
    65  1212034   0.640
    66  1230969   0.650
    67  1249904   0.660
    68  1268839   0.670
    69  1287774   0.680
    70  1306709   0.690
    71  1325644   0.700
    72  1344579   0.710
    73  1363514   0.720
    74  1382449   0.730
    75  1401384   0.740
    76  1420319   0.750
    77  1439254   0.760
    78  1458189   0.770
    79  1477124   0.780
    80  1496059   0.790
    81  1514994   0.800
    82  1533929   0.810
    83  1552864   0.820
    84  1571799   0.830
    85  1590734   0.840
    86  1609669   0.850
    87  1628604   0.860
    88  1647539   0.870
    89  1666474   0.880
    90  1685409   0.890
    91  1704344   0.900
    92  1723279   0.910
    93  1742214   0.920
    94  1761149   0.930
    95  1780084   0.940
    96  1799019   0.950
    97  1817954   0.960
    98  1836889   0.970
    99  1855824   0.980
   100  1874759   0.990
   101  1893694   1.000
   102  1912629   1.010
   103  1931564   1.020
   104  1950499   1.030
   105  1969434   1.040
   106  1988369   1.050
   107  2007304   1.060
   108  2026239   1.070
   109  2045174   1.080
   110  2064109   1.090
   111  2083044   1.100
   112  2101979   1.110
   113  2120914   1.120
   114  2139849   1.130
   115  2158784   1.140
   116  2177719   1.150
   117  2196654   1.160
   118  2215589   1.170
   119  2234524   1.180
   120  2253459   1.190
   121  2272394   1.200
   122  2291329   1.210
   123  2310264   1.220
   124  2329199   1.230
   125  2348134   1.240
   126  2367069   1.250
   127  2386004   1.260
   128  2404939   1.270
   129  2423874   1.280
   130  2442809   1.290
   131  2461744   1.300
   132  2480679   1.310
   133  2499614   1.320
   134  2518549   1.330
   135  2537484   1.340
   136  2556419   1.350
   137  2575354   1.360
   138  2594289   1.370
   139  2613224   1.380
   140  2632159   1.390
   141  2651094   1.400
   142  2670029   1.410
   143  2688964   1.420
   144  2707899   1.430
   145  2726834   1.440
   146  2745769   1.450
   147  2764704   1.460
   148  2783639   1.470
   149  2802574   1.480
   150  2821509   1.490
   151  2840444   1.500
   152  2859379   1.510
   153  2878314   1.520
   154  2897249   1.530
   155  2916184   1.540
   156  2935119   1.550
   157  2954054   1.560
   158  2972989   1.570
   159  2991924   1.580
   160  3010859   1.590
   161  3029794   1.600
   162  3048729   1.610
   163  3067664   1.620
   164  3086599   1.630
   165  3105534   1.640
   166  3124469   1.650
   167  3143404   1.660
   168  3162339   1.670
   169  3181274   1.680
   170  3200209   1.690
   171  3219144   1.700
   172  3238079   1.710
   173  3257014   1.720
   174  3275949   1.730
   175  3294884   1.740
   176  3313819   1.750
   177  3332754   1.760
   178  3351689   1.770
   179  3370624   1.780
   180  3389559   1.790
   181  3408494   1.800
   182  3427429   1.810
   183  3446364   1.820
   184  3465299   1.830
   185  3484234   1.840
   186  3503169   1.850
   187  3522104   1.860
   188  3541039   1.870
   189  3559974   1.880
   190  3578909   1.890
   191  3597844   1.900
   192  3616779   1.910
   193  3635714   1.920
   194  3654649   1.930
   195  3673584   1.940
   196  3692519   1.950
   197  3711454   1.960
   198  3730389   1.970
   199  3749324   1.980
   200  3768259   1.990
   201  3787194   2.000
