     1        0   270000   0.000
     2    19129   270988   0.010
     3    38064   272490   0.020
     4    56999   273430   0.030
     5    75934   274821   0.040
     6    94869   275721   0.050
     7   113804   277084   0.060
     8   132739   278038   0.070
     9   151674   279468   0.080
    10   170609   280363   0.090
    11   189544   281742   0.100
    12   208479   282698   0.110
    13   227414   284141   0.120
    14   246349   285043   0.130
    15   265284   286428   0.140
    16   284219   287427   0.150
    17   303154   288928   0.160
    18   322089   289842   0.170
    19   341024   291285   0.180
    20   359959   292321   0.190
    21   378894   293794   0.200
    22   397829   294706   0.210
    23   416764   296168   0.220
    24   435699   297243   0.230
    25   454634   298736   0.240
    26   473569   299628   0.250
    27   492504   301114   0.260
    28   511439   302173   0.270
    29   530374   303687   0.280
    30   549309   304591   0.290
    31   568244   306115   0.300
    32   587179   307182   0.310
    33   606114   308713   0.320
    34   625049   309640   0.330
    35   643984   311227   0.340
    36   662919   312270   0.350
    37   681854   313777   0.360
    38   700789   314696   0.370
    39   719724   316262   0.380
    40   738659   317302   0.390
    41   757594   318815   0.400
    42   776529   319711   0.410
    43   795464   321284   0.420
    44   814399   322343   0.430
    45   833334   323868   0.440
    46   852269   324766   0.450
    47   871204   326336   0.460
    48   890139   327381   0.470
    49   909074   328883   0.480
    50   928009   329800   0.490
    51   946944   331371   0.500
    52   965879   332436   0.510
    53   984814   333983   0.520
    54  1003749   334905   0.530
    55  1022684   336518   0.540
    56  1041619   337585   0.550
    57  1060554   339102   0.560
    58  1079489   339992   0.570
    59  1098424   341596   0.580
    60  1117359   342657   0.590
    61  1136294   344135   0.600
    62  1155229   345046   0.610
    63  1174164   346654   0.620
    64  1193099   347686   0.630
    65  1212034   349180   0.640
    66  1230969   350088   0.650
    67  1249904   351742   0.660
    68  1268839   352829   0.670
    69  1287774   354278   0.680
    70  1306709   355197   0.690
    71  1325644   356906   0.700
    72  1344579   357998   0.710
    73  1363514   359436   0.720
    74  1382449   360378   0.730
    75  1401384   362066   0.740
    76  1420319   363129   0.750
    77  1439254   364576   0.760
    78  1458189   365518   0.770
    79  1477124   367171   0.780
    80  1496059   368221   0.790
    81  1514994   369684   0.800
    82  1533929   370656   0.810
    83  1552864   372331   0.820
    84  1571799   373395   0.830
    85  1590734   374903   0.840
    86  1609669   375863   0.850
    87  1628604   377582   0.860
    88  1647539   378657   0.870
    89  1666474   380173   0.880
    90  1685409   381139   0.890
    91  1704344   382792   0.900
    92  1723279   383823   0.910
    93  1742214   385331   0.920
    94  1761149   386294   0.930
    95  1780084   388008   0.940
    96  1799019   389064   0.950
    97  1817954   390597   0.960
    98  1836889   391594   0.970
    99  1855824   393284   0.980
   100  1874759   394362   0.990
   101  1893694   395909   1.000
   102  1912629   396876   1.010
   103  1931564   398511   1.020
   104  1950499   399576   1.030
   105  1969434   401116   1.040
   106  1988369   402082   1.050
   107  2007304   403774   1.060
   108  2026239   404834   1.070
   109  2045174   406384   1.080
   110  2064109   407357   1.090
   111  2083044   409042   1.100
   112  2101979   410108   1.110
   113  2120914   411647   1.120
   114  2139849   412613   1.130
   115  2158784   414275   1.140
   116  2177719   415363   1.150
   117  2196654   416932   1.160
   118  2215589   417899   1.170
   119  2234524   419538   1.180
   120  2253459   420624   1.190
   121  2272394   422197   1.200
   122  2291329   423173   1.210
   123  2310264   424841   1.220
   124  2329199   425937   1.230
   125  2348134   427518   1.240
   126  2367069   428509   1.250
   127  2386004   430204   1.260
   128  2404939   431298   1.270
   129  2423874   432816   1.280
   130  2442809   433813   1.290
   131  2461744   435492   1.300
   132  2480679   436616   1.310
   133  2499614   438228   1.320
   134  2518549   439199   1.330
   135  2537484   440893   1.340
   136  2556419   441974   1.350
   137  2575354   443585   1.360
   138  2594289   444572   1.370
   139  2613224   446240   1.380
   140  2632159   447364   1.390
   141  2651094   448936   1.400
   142  2670029   449902   1.410
   143  2688964   451569   1.420
   144  2707899   452713   1.430
   145  2726834   454319   1.440
   146  2745769   455323   1.450
   147  2764704   456987   1.460
   148  2783639   458110   1.470
   149  2802574   459731   1.480
   150  2821509   460735   1.490
   151  2840444   462457   1.500
   152  2859379   463569   1.510
   153  2878314   465192   1.520
   154  2897249   466193   1.530
   155  2916184   467874   1.540
   156  2935119   469008   1.550
   157  2954054   470617   1.560
   158  2972989   471613   1.570
   159  2991924   473310   1.580
   160  3010859   474423   1.590
   161  3029794   476038   1.600
   162  3048729   477015   1.610
   163  3067664   478735   1.620
   164  3086599   479852   1.630
   165  3105534   481438   1.640
   166  3124469   482432   1.650
   167  3143404   484131   1.660
   168  3162339   485275   1.670
   169  3181274   486847   1.680
   170  3200209   487852   1.690
   171  3219144   489558   1.700
   172  3238079   490636   1.710
   173  3257014   492234   1.720
   174  3275949   493218   1.730
   175  3294884   494888   1.740
   176  3313819   496003   1.750
   177  3332754   497640   1.760
   178  3351689   498639   1.770
   179  3370624   500380   1.780
   180  3389559   501499   1.790
   181  3408494   503065   1.800
   182  3427429   504061   1.810
   183  3446364   505781   1.820
   184  3465299   506903   1.830
   185  3484234   508494   1.840
   186  3503169   509477   1.850
   187  3522104   511183   1.860
   188  3541039   512274   1.870
   189  3559974   513914   1.880
   190  3578909   514887   1.890
   191  3597844   516599   1.900
   192  3616779   517688   1.910
   193  3635714   519296   1.920
   194  3654649   520293   1.930
   195  3673584   521972   1.940
   196  3692519   523128   1.950
   197  3711454   524698   1.960
   198  3730389   525680   1.970
   199  3749324   527381   1.980
   200  3768259   528483   1.990
   201  3787194   530092   2.000
