     1    14701     1896   0.001
     2    14701     3849   0.002
     3    14701     5810   0.003
     4    14701     7770   0.004
     5    14701     9664   0.005
     6    14701    11558   0.006
     7    14701    13452   0.007
     8    14701    15346   0.008
     9    14701    17240   0.009
    10    14701    19134   0.010
    11    14701    21028   0.011
    12    14701    22922   0.012
    13    14701    24816   0.013
    14    14701    26710   0.014
    15    14701    28604   0.015
    16    14701    30498   0.016
    17    14701    32392   0.017
    18    14701    34286   0.018
    19    14701    36180   0.019
    20    14701    38074   0.020
    21    14701    39968   0.021
    22    14701    41862   0.022
    23    14701    43756   0.023
    24    14701    45650   0.024
    25    14701    47544   0.025
    26    14701    49438   0.026
    27    14701    51332   0.027
    28    14701    53226   0.028
    29    14701    55120   0.029
    30    14701    57014   0.030
    31    14701    58908   0.031
    32    14701    60802   0.032
    33    14701    62696   0.033
    34    14701    64590   0.034
    35    14701    66484   0.035
    36    14701    68378   0.036
    37    14701    70272   0.037
    38    14701    72166   0.038
    39    14701    74060   0.039
    40    14701    75954   0.040
    41    14701    77848   0.041
    42    14701    79742   0.042
    43    14701    81636   0.043
    44    14701    83530   0.044
    45    14701    85424   0.045
    46    14701    87318   0.046
    47    14701    89212   0.047
    48    14701    91106   0.048
    49    14701    93000   0.049
    50    14701    94894   0.050
    51    14701    96788   0.051
    52    14701    98682   0.052
    53    14701   100576   0.053
    54    14701   102470   0.054
    55    14701   104364   0.055
    56    14701   106258   0.056
    57    14701   108152   0.057
    58    14701   110046   0.058
    59    14701   111940   0.059
    60    14701   113834   0.060
    61    14701   115728   0.061
    62    14701   117622   0.062
    63    14701   119516   0.063
    64    14701   121410   0.064
    65    14701   123304   0.065
    66    14701   125198   0.066
    67    14701   127092   0.067
    68    14701   128986   0.068
    69    14701   130880   0.069
    70    14701   132774   0.070
    71    14701   134668   0.071
    72    14701   136562   0.072
    73    14701   138456   0.073
    74    14701   140350   0.074
    75    14701   142244   0.075
    76    14701   144138   0.076
    77    14701   146032   0.077
    78    14701   147926   0.078
    79    14701   149820   0.079
    80    14701   151714   0.080
    81    14701   153608   0.081
    82    14701   155502   0.082
    83    14701   157396   0.083
    84    14701   159290   0.084
    85    14701   161184   0.085
    86    14701   163078   0.086
    87    14701   164972   0.087
    88    14701   166866   0.088
    89    14701   168760   0.089
    90    14701   170654   0.090
    91    14701   172548   0.091
    92    14701   174442   0.092
    93    14701   176336   0.093
    94    14701   178230   0.094
    95    14701   180124   0.095
    96    14701   182018   0.096
    97    14701   183912   0.097
    98    14701   185806   0.098
    99    14701   187700   0.099
   100    14701   189594   0.100
   101    14701   191488   0.101
   102    14701   193382   0.102
   103    14701   195276   0.103
   104    14701   197170   0.104
   105    14701   199064   0.105
   106    14701   200958   0.106
   107    14701   202852   0.107
   108    14701   204746   0.108
   109    14701   206640   0.109
   110    14701   208534   0.110
   111    14701   210428   0.111
   112    14701   212322   0.112
   113    14701   214216   0.113
   114    14701   216110   0.114
   115    14701   218004   0.115
   116    14701   219898   0.116
   117    14701   221792   0.117
   118    14701   223686   0.118
   119    14701   225580   0.119
   120    14701   227474   0.120
   121    14701   229368   0.121
   122    14701   231262   0.122
   123    14701   233156   0.123
   124    14701   235050   0.124
   125    14701   236944   0.125
   126    14701   238838   0.126
   127    14701   240732   0.127
   128    14701   242626   0.128
   129    14701   244520   0.129
   130    14701   246414   0.130
   131    14701   248308   0.131
   132    14701   250202   0.132
   133    14701   252096   0.133
   134    14701   253990   0.134
   135    14701   255884   0.135
   136    14701   257778   0.136
   137    14701   259672   0.137
   138    14701   261566   0.138
   139    14701   263460   0.139
   140    14701   265354   0.140
   141    14701   267248   0.141
   142    14701   269142   0.142
   143    14701   271036   0.143
   144    14701   272930   0.144
   145    14701   274824   0.145
   146    14701   276718   0.146
   147    14701   278612   0.147
   148    14701   280506   0.148
   149    14701   282400   0.149
   150    14701   284294   0.150
   151    14701   286188   0.151
   152    14701   288082   0.152
   153    14701   289976   0.153
   154    14701   291870   0.154
   155    14701   293764   0.155
   156    14701   295658   0.156
   157    14701   297552   0.157
   158    14701   299446   0.158
   159    14701   301340   0.159
   160    14701   303234   0.160
   161    14701   305128   0.161
   162    14701   307022   0.162
   163    14701   308916   0.163
   164    14701   310810   0.164
   165    14701   312704   0.165
   166    14701   314598   0.166
   167    14701   316492   0.167
   168    14701   318386   0.168
   169    14701   320280   0.169
   170    14701   322174   0.170
   171    14701   324068   0.171
   172    14701   325962   0.172
   173    14701   327856   0.173
   174    14701   329750   0.174
   175    14701   331644   0.175
   176    14701   333538   0.176
   177    14701   335432   0.177
   178    14701   337326   0.178
   179    14701   339220   0.179
   180    14701   341114   0.180
   181    14701   343008   0.181
   182    14701   344902   0.182
   183    14701   346796   0.183
   184    14701   348690   0.184
   185    14701   350584   0.185
   186    14701   352478   0.186
   187    14701   354372   0.187
   188    14701   356266   0.188
   189    14701   358160   0.189
   190    14701   360054   0.190
   191    14701   361948   0.191
   192    14701   363842   0.192
   193    14701   365736   0.193
   194    14701   367630   0.194
   195    14701   369524   0.195
   196    14701   371418   0.196
   197    14701   373312   0.197
   198    14701   375206   0.198
   199    14701   377100   0.199
   200    14701   378994   0.200
   201    14701   380888   0.201
   202    14701   382782   0.202
   203    14701   384676   0.203
   204    14701   386570   0.204
   205    14701   388464   0.205
   206    14701   390358   0.206
   207    14701   392252   0.207
   208    14701   394146   0.208
   209    14701   396040   0.209
   210    14701   397934   0.210
   211    14701   399828   0.211
   212    14701   401722   0.212
   213    14701   403616   0.213
   214    14701   405510   0.214
   215    14701   407404   0.215
   216    14701   409298   0.216
   217    14701   411192   0.217
   218    14701   413086   0.218
   219    14701   414980   0.219
   220    14701   416874   0.220
   221    14701   418768   0.221
   222    14701   420662   0.222
   223    14701   422556   0.223
   224    14701   424450   0.224
   225    14701   426344   0.225
   226    14701   428238   0.226
   227    14701   430132   0.227
   228    14701   432026   0.228
   229    14701   433920   0.229
   230    14701   435814   0.230
   231    14701   437708   0.231
   232    14701   439602   0.232
   233    14701   441496   0.233
   234    14701   443390   0.234
   235    14701   445284   0.235
   236    14701   447178   0.236
   237    14701   449072   0.237
   238    14701   450966   0.238
   239    14701   452860   0.239
   240    14701   454754   0.240
   241    14701   456648   0.241
   242    14701   458542   0.242
   243    14701   460436   0.243
   244    14701   462330   0.244
   245    14701   464224   0.245
   246    14701   466118   0.246
   247    14701   468012   0.247
   248    14701   469906   0.248
   249    14701   471800   0.249
   250    14701   473694   0.250
   251    14701   475588   0.251
   252    14701   477482   0.252
   253    14701   479376   0.253
   254    14701   481270   0.254
   255    14701   483164   0.255
   256    14701   485058   0.256
   257    14701   486952   0.257
   258    14701   488846   0.258
   259    14701   490740   0.259
   260    14701   492634   0.260
   261    14701   494528   0.261
   262    14701   496422   0.262
   263    14701   498316   0.263
   264    14701   500210   0.264
   265    14701   502104   0.265
   266    14701   503998   0.266
   267    14701   505892   0.267
   268    14701   507786   0.268
   269    14701   509680   0.269
   270    14701   511574   0.270
   271    14701   513468   0.271
   272    14701   515362   0.272
   273    14701   517256   0.273
   274    14701   519150   0.274
   275    14701   521044   0.275
   276    14701   522938   0.276
   277    14701   524832   0.277
   278    14701   526726   0.278
   279    14701   528620   0.279
   280    14701   530514   0.280
   281    14701   532408   0.281
   282    14701   534302   0.282
   283    14701   536196   0.283
   284    14701   538090   0.284
   285    14701   539984   0.285
   286    14701   541878   0.286
   287    14701   543772   0.287
   288    14701   545666   0.288
   289    14701   547560   0.289
   290    14701   549454   0.290
   291    14701   551348   0.291
   292    14701   553242   0.292
   293    14701   555136   0.293
   294    14701   557030   0.294
   295    14701   558924   0.295
   296    14701   560818   0.296
   297    14701   562712   0.297
   298    14701   564606   0.298
   299    14701   566500   0.299
   300    14701   568394   0.300
   301    14701   570288   0.301
   302    14701   572182   0.302
   303    14701   574076   0.303
   304    14701   575970   0.304
   305    14701   577864   0.305
   306    14701   579758   0.306
   307    14701   581652   0.307
   308    14701   583546   0.308
   309    14701   585440   0.309
   310    14701   587334   0.310
   311    14701   589228   0.311
   312    14701   591122   0.312
   313    14701   593016   0.313
   314    14701   594910   0.314
   315    14701   596804   0.315
   316    14701   598698   0.316
   317    14701   600592   0.317
   318    14701   602486   0.318
   319    14701   604380   0.319
   320    14701   606274   0.320
   321    14701   608168   0.321
   322    14701   610062   0.322
   323    14701   611956   0.323
   324    14701   613850   0.324
   325    14701   615744   0.325
   326    14701   617638   0.326
   327    14701   619532   0.327
   328    14701   621426   0.328
   329    14701   623320   0.329
   330    14701   625214   0.330
   331    14701   627108   0.331
   332    14701   629002   0.332
   333    14701   630896   0.333
   334    14701   632790   0.334
   335    14701   634684   0.335
   336    14701   636578   0.336
   337    14701   638472   0.337
   338    14701   640366   0.338
   339    14701   642260   0.339
   340    14701   644154   0.340
   341    14701   646048   0.341
   342    14701   647942   0.342
   343    14701   649836   0.343
   344    14701   651730   0.344
   345    14701   653624   0.345
   346    14701   655518   0.346
   347    14701   657412   0.347
   348    14701   659306   0.348
   349    14701   661200   0.349
   350    14701   663094   0.350
   351    14701   664988   0.351
   352    14701   666882   0.352
   353    14701   668776   0.353
   354    14701   670670   0.354
   355    14701   672564   0.355
   356    14701   674458   0.356
   357    14701   676352   0.357
   358    14701   678246   0.358
   359    14701   680140   0.359
   360    14701   682034   0.360
   361    14701   683928   0.361
   362    14701   685822   0.362
   363    14701   687716   0.363
   364    14701   689610   0.364
   365    14701   691504   0.365
   366    14701   693398   0.366
   367    14701   695292   0.367
   368    14701   697186   0.368
   369    14701   699080   0.369
   370    14701   700974   0.370
   371    14701   702868   0.371
   372    14701   704762   0.372
   373    14701   706656   0.373
   374    14701   708550   0.374
   375    14701   710444   0.375
   376    14701   712338   0.376
   377    14701   714232   0.377
   378    14701   716126   0.378
   379    14701   718020   0.379
   380    14701   719914   0.380
   381    14701   721808   0.381
   382    14701   723702   0.382
   383    14701   725596   0.383
   384    14701   727490   0.384
   385    14701   729384   0.385
   386    14701   731278   0.386
   387    14701   733172   0.387
   388    14701   735066   0.388
   389    14701   736960   0.389
   390    14701   738854   0.390
   391    14701   740748   0.391
   392    14701   742642   0.392
   393    14701   744536   0.393
   394    14701   746430   0.394
   395    14701   748324   0.395
   396    14701   750218   0.396
   397    14701   752112   0.397
   398    14701   754006   0.398
   399    14701   755900   0.399
   400    14701   757794   0.400
   401    14701   759688   0.401
   402    14701   761582   0.402
   403    14701   763476   0.403
   404    14701   765370   0.404
   405    14701   767264   0.405
   406    14701   769158   0.406
   407    14701   771052   0.407
   408    14701   772946   0.408
   409    14701   774840   0.409
   410    14701   776734   0.410
   411    14701   778628   0.411
   412    14701   780522   0.412
   413    14701   782416   0.413
   414    14701   784310   0.414
   415    14701   786204   0.415
   416    14701   788098   0.416
   417    14701   789992   0.417
   418    14701   791886   0.418
   419    14701   793780   0.419
   420    14701   795674   0.420
   421    14701   797568   0.421
   422    14701   799462   0.422
   423    14701   801356   0.423
   424    14701   803250   0.424
   425    14701   805144   0.425
   426    14701   807038   0.426
   427    14701   808932   0.427
   428    14701   810826   0.428
   429    14701   812720   0.429
   430    14701   814614   0.430
   431    14701   816508   0.431
   432    14701   818402   0.432
   433    14701   820296   0.433
   434    14701   822190   0.434
   435    14701   824084   0.435
   436    14701   825978   0.436
   437    14701   827872   0.437
   438    14701   829766   0.438
   439    14701   831660   0.439
   440    14701   833554   0.440
   441    14701   835448   0.441
   442    14701   837342   0.442
   443    14701   839236   0.443
   444    14701   841130   0.444
   445    14701   843024   0.445
   446    14701   844918   0.446
   447    14701   846812   0.447
   448    14701   848706   0.448
   449    14701   850600   0.449
   450    14701   852494   0.450
   451    14701   854388   0.451
   452    14701   856282   0.452
   453    14701   858176   0.453
   454    14701   860070   0.454
   455    14701   861964   0.455
   456    14701   863858   0.456
   457    14701   865752   0.457
   458    14701   867646   0.458
   459    14701   869540   0.459
   460    14701   871434   0.460
   461    14701   873328   0.461
   462    14701   875222   0.462
   463    14701   877116   0.463
   464    14701   879010   0.464
   465    14701   880904   0.465
   466    14701   882798   0.466
   467    14701   884692   0.467
   468    14701   886586   0.468
   469    14701   888480   0.469
   470    14701   890374   0.470
   471    14701   892268   0.471
   472    14701   894162   0.472
   473    14701   896056   0.473
   474    14701   897950   0.474
   475    14701   899844   0.475
   476    14701   901738   0.476
   477    14701   903632   0.477
   478    14701   905526   0.478
   479    14701   907420   0.479
   480    14701   909314   0.480
   481    14701   911208   0.481
   482    14701   913102   0.482
   483    14701   914996   0.483
   484    14701   916890   0.484
   485    14701   918784   0.485
   486    14701   920678   0.486
   487    14701   922572   0.487
   488    14701   924466   0.488
   489    14701   926360   0.489
   490    14701   928254   0.490
   491    14701   930148   0.491
   492    14701   932042   0.492
   493    14701   933936   0.493
   494    14701   935830   0.494
   495    14701   937724   0.495
   496    14701   939618   0.496
   497    14701   941512   0.497
   498    14701   943406   0.498
   499    14701   945300   0.499
   500    14701   947194   0.500
   501    14701   949088   0.501
   502    14701   950982   0.502
   503    14701   952876   0.503
   504    14701   954770   0.504
   505    14701   956664   0.505
   506    14701   958558   0.506
   507    14701   960452   0.507
   508    14701   962346   0.508
   509    14701   964240   0.509
   510    14701   966134   0.510
   511    14701   968028   0.511
   512    14701   969922   0.512
   513    14701   971816   0.513
   514    14701   973710   0.514
   515    14701   975604   0.515
   516    14701   977498   0.516
   517    14701   979392   0.517
   518    14701   981286   0.518
   519    14701   983180   0.519
   520    14701   985074   0.520
   521    14701   986968   0.521
   522    14701   988862   0.522
   523    14701   990756   0.523
   524    14701   992650   0.524
   525    14701   994544   0.525
   526    14701   996438   0.526
   527    14701   998332   0.527
   528    14701  1000226   0.528
   529    14701  1002120   0.529
   530    14701  1004014   0.530
   531    14701  1005908   0.531
   532    14701  1007802   0.532
   533    14701  1009696   0.533
   534    14701  1011590   0.534
   535    14701  1013484   0.535
   536    14701  1015378   0.536
   537    14701  1017272   0.537
   538    14701  1019166   0.538
   539    14701  1021060   0.539
   540    14701  1022954   0.540
   541    14701  1024848   0.541
   542    14701  1026742   0.542
   543    14701  1028636   0.543
   544    14701  1030530   0.544
   545    14701  1032424   0.545
   546    14701  1034318   0.546
   547    14701  1036212   0.547
   548    14701  1038106   0.548
   549    14701  1040000   0.549
   550    14701  1041894   0.550
   551    14701  1043788   0.551
   552    14701  1045682   0.552
   553    14701  1047576   0.553
   554    14701  1049470   0.554
   555    14701  1051364   0.555
   556    14701  1053258   0.556
   557    14701  1055152   0.557
   558    14701  1057046   0.558
   559    14701  1058940   0.559
   560    14701  1060834   0.560
   561    14701  1062728   0.561
   562    14701  1064622   0.562
   563    14701  1066516   0.563
   564    14701  1068410   0.564
   565    14701  1070304   0.565
   566    14701  1072198   0.566
   567    14701  1074092   0.567
   568    14701  1075986   0.568
   569    14701  1077880   0.569
   570    14701  1079774   0.570
   571    14701  1081668   0.571
   572    14701  1083562   0.572
   573    14701  1085456   0.573
   574    14701  1087350   0.574
   575    14701  1089244   0.575
   576    14701  1091138   0.576
   577    14701  1093032   0.577
   578    14701  1094926   0.578
   579    14701  1096820   0.579
   580    14701  1098714   0.580
   581    14701  1100608   0.581
   582    14701  1102502   0.582
   583    14701  1104396   0.583
   584    14701  1106290   0.584
   585    14701  1108184   0.585
   586    14701  1110078   0.586
   587    14701  1111972   0.587
   588    14701  1113866   0.588
   589    14701  1115760   0.589
   590    14701  1117654   0.590
   591    14701  1119548   0.591
   592    14701  1121442   0.592
   593    14701  1123336   0.593
   594    14701  1125230   0.594
   595    14701  1127124   0.595
   596    14701  1129018   0.596
   597    14701  1130912   0.597
   598    14701  1132806   0.598
   599    14701  1134700   0.599
   600    14701  1136594   0.600
   601    14701  1138488   0.601
   602    14701  1140382   0.602
   603    14701  1142276   0.603
   604    14701  1144170   0.604
   605    14701  1146064   0.605
   606    14701  1147958   0.606
   607    14701  1149852   0.607
   608    14701  1151746   0.608
   609    14701  1153640   0.609
   610    14701  1155534   0.610
   611    14701  1157428   0.611
   612    14701  1159322   0.612
   613    14701  1161216   0.613
   614    14701  1163110   0.614
   615    14701  1165004   0.615
   616    14701  1166898   0.616
   617    14701  1168792   0.617
   618    14701  1170686   0.618
   619    14701  1172580   0.619
   620    14701  1174474   0.620
   621    14701  1176368   0.621
   622    14701  1178262   0.622
   623    14701  1180156   0.623
   624    14701  1182050   0.624
   625    14701  1183944   0.625
   626    14701  1185838   0.626
   627    14701  1187732   0.627
   628    14701  1189626   0.628
   629    14701  1191520   0.629
   630    14701  1193414   0.630
   631    14701  1195308   0.631
   632    14701  1197202   0.632
   633    14701  1199096   0.633
   634    14701  1200990   0.634
   635    14701  1202884   0.635
   636    14701  1204778   0.636
   637    14701  1206672   0.637
   638    14701  1208566   0.638
   639    14701  1210460   0.639
   640    14701  1212354   0.640
   641    14701  1214248   0.641
   642    14701  1216142   0.642
   643    14701  1218036   0.643
   644    14701  1219930   0.644
   645    14701  1221824   0.645
   646    14701  1223718   0.646
   647    14701  1225612   0.647
   648    14701  1227506   0.648
   649    14701  1229400   0.649
   650    14701  1231294   0.650
   651    14701  1233188   0.651
   652    14701  1235082   0.652
   653    14701  1236976   0.653
   654    14701  1238870   0.654
   655    14701  1240764   0.655
   656    14701  1242658   0.656
   657    14701  1244552   0.657
   658    14701  1246446   0.658
   659    14701  1248340   0.659
   660    14701  1250234   0.660
   661    14701  1252128   0.661
   662    14701  1254022   0.662
   663    14701  1255916   0.663
   664    14701  1257810   0.664
   665    14701  1259704   0.665
   666    14701  1261598   0.666
   667    14701  1263492   0.667
   668    14701  1265386   0.668
   669    14701  1267280   0.669
   670    14701  1269174   0.670
   671    14701  1271068   0.671
   672    14701  1272962   0.672
   673    14701  1274856   0.673
   674    14701  1276750   0.674
   675    14701  1278644   0.675
   676    14701  1280538   0.676
   677    14701  1282432   0.677
   678    14701  1284326   0.678
   679    14701  1286220   0.679
   680    14701  1288114   0.680
   681    14701  1290008   0.681
   682    14701  1291902   0.682
   683    14701  1293796   0.683
   684    14701  1295690   0.684
   685    14701  1297584   0.685
   686    14701  1299478   0.686
   687    14701  1301372   0.687
   688    14701  1303266   0.688
   689    14701  1305160   0.689
   690    14701  1307054   0.690
   691    14701  1308948   0.691
   692    14701  1310842   0.692
   693    14701  1312736   0.693
   694    14701  1314630   0.694
   695    14701  1316524   0.695
   696    14701  1318418   0.696
   697    14701  1320312   0.697
   698    14701  1322206   0.698
   699    14701  1324100   0.699
   700    14701  1325994   0.700
   701    14701  1327888   0.701
   702    14701  1329782   0.702
   703    14701  1331676   0.703
   704    14701  1333570   0.704
   705    14701  1335464   0.705
   706    14701  1337358   0.706
   707    14701  1339252   0.707
   708    14701  1341146   0.708
   709    14701  1343040   0.709
   710    14701  1344934   0.710
   711    14701  1346828   0.711
   712    14701  1348722   0.712
   713    14701  1350616   0.713
   714    14701  1352510   0.714
   715    14701  1354404   0.715
   716    14701  1356298   0.716
   717    14701  1358192   0.717
   718    14701  1360086   0.718
   719    14701  1361980   0.719
   720    14701  1363874   0.720
   721    14701  1365768   0.721
   722    14701  1367662   0.722
   723    14701  1369556   0.723
   724    14701  1371450   0.724
   725    14701  1373344   0.725
   726    14701  1375238   0.726
   727    14701  1377132   0.727
   728    14701  1379026   0.728
   729    14701  1380920   0.729
   730    14701  1382814   0.730
   731    14701  1384708   0.731
   732    14701  1386602   0.732
   733    14701  1388496   0.733
   734    14701  1390390   0.734
   735    14701  1392284   0.735
   736    14701  1394178   0.736
   737    14701  1396072   0.737
   738    14701  1397966   0.738
   739    14701  1399860   0.739
   740    14701  1401754   0.740
   741    14701  1403648   0.741
   742    14701  1405542   0.742
   743    14701  1407436   0.743
   744    14701  1409330   0.744
   745    14701  1411224   0.745
   746    14701  1413118   0.746
   747    14701  1415012   0.747
   748    14701  1416906   0.748
   749    14701  1418800   0.749
   750    14701  1420694   0.750
   751    14701  1422588   0.751
   752    14701  1424482   0.752
   753    14701  1426376   0.753
   754    14701  1428270   0.754
   755    14701  1430164   0.755
   756    14701  1432058   0.756
   757    14701  1433952   0.757
   758    14701  1435846   0.758
   759    14701  1437740   0.759
   760    14701  1439634   0.760
   761    14701  1441528   0.761
   762    14701  1443422   0.762
   763    14701  1445316   0.763
   764    14701  1447210   0.764
   765    14701  1449104   0.765
   766    14701  1450998   0.766
   767    14701  1452892   0.767
   768    14701  1454786   0.768
   769    14701  1456680   0.769
   770    14701  1458574   0.770
   771    14701  1460468   0.771
   772    14701  1462362   0.772
   773    14701  1464256   0.773
   774    14701  1466150   0.774
   775    14701  1468044   0.775
   776    14701  1469938   0.776
   777    14701  1471832   0.777
   778    14701  1473726   0.778
   779    14701  1475620   0.779
   780    14701  1477514   0.780
   781    14701  1479408   0.781
   782    14701  1481302   0.782
   783    14701  1483196   0.783
   784    14701  1485090   0.784
   785    14701  1486984   0.785
   786    14701  1488878   0.786
   787    14701  1490772   0.787
   788    14701  1492666   0.788
   789    14701  1494560   0.789
   790    14701  1496454   0.790
   791    14701  1498348   0.791
   792    14701  1500242   0.792
   793    14701  1502136   0.793
   794    14701  1504030   0.794
   795    14701  1505924   0.795
   796    14701  1507818   0.796
   797    14701  1509712   0.797
   798    14701  1511606   0.798
   799    14701  1513500   0.799
   800    14701  1515394   0.800
   801    14701  1517288   0.801
   802    14701  1519182   0.802
   803    14701  1521076   0.803
   804    14701  1522970   0.804
   805    14701  1524864   0.805
   806    14701  1526758   0.806
   807    14701  1528652   0.807
   808    14701  1530546   0.808
   809    14701  1532440   0.809
   810    14701  1534334   0.810
   811    14701  1536228   0.811
   812    14701  1538122   0.812
   813    14701  1540016   0.813
   814    14701  1541910   0.814
   815    14701  1543804   0.815
   816    14701  1545698   0.816
   817    14701  1547592   0.817
   818    14701  1549486   0.818
   819    14701  1551380   0.819
   820    14701  1553274   0.820
   821    14701  1555168   0.821
   822    14701  1557062   0.822
   823    14701  1558956   0.823
   824    14701  1560850   0.824
   825    14701  1562744   0.825
   826    14701  1564638   0.826
   827    14701  1566532   0.827
   828    14701  1568426   0.828
   829    14701  1570320   0.829
   830    14701  1572214   0.830
   831    14701  1574108   0.831
   832    14701  1576002   0.832
   833    14701  1577896   0.833
   834    14701  1579790   0.834
   835    14701  1581684   0.835
   836    14701  1583578   0.836
   837    14701  1585472   0.837
   838    14701  1587366   0.838
   839    14701  1589260   0.839
   840    14701  1591154   0.840
   841    14701  1593048   0.841
   842    14701  1594942   0.842
   843    14701  1596836   0.843
   844    14701  1598730   0.844
   845    14701  1600624   0.845
   846    14701  1602518   0.846
   847    14701  1604412   0.847
   848    14701  1606306   0.848
   849    14701  1608200   0.849
   850    14701  1610094   0.850
   851    14701  1611988   0.851
   852    14701  1613882   0.852
   853    14701  1615776   0.853
   854    14701  1617670   0.854
   855    14701  1619564   0.855
   856    14701  1621458   0.856
   857    14701  1623352   0.857
   858    14701  1625246   0.858
   859    14701  1627140   0.859
   860    14701  1629034   0.860
   861    14701  1630928   0.861
   862    14701  1632822   0.862
   863    14701  1634716   0.863
   864    14701  1636610   0.864
   865    14701  1638504   0.865
   866    14701  1640398   0.866
   867    14701  1642292   0.867
   868    14701  1644186   0.868
   869    14701  1646080   0.869
   870    14701  1647974   0.870
   871    14701  1649868   0.871
   872    14701  1651762   0.872
   873    14701  1653656   0.873
   874    14701  1655550   0.874
   875    14701  1657444   0.875
   876    14701  1659338   0.876
   877    14701  1661232   0.877
   878    14701  1663126   0.878
   879    14701  1665020   0.879
   880    14701  1666914   0.880
   881    14701  1668808   0.881
   882    14701  1670702   0.882
   883    14701  1672596   0.883
   884    14701  1674490   0.884
   885    14701  1676384   0.885
   886    14701  1678278   0.886
   887    14701  1680172   0.887
   888    14701  1682066   0.888
   889    14701  1683960   0.889
   890    14701  1685854   0.890
   891    14701  1687748   0.891
   892    14701  1689642   0.892
   893    14701  1691536   0.893
   894    14701  1693430   0.894
   895    14701  1695324   0.895
   896    14701  1697218   0.896
   897    14701  1699112   0.897
   898    14701  1701006   0.898
   899    14701  1702900   0.899
   900    14701  1704794   0.900
   901    14701  1706688   0.901
   902    14701  1708582   0.902
   903    14701  1710476   0.903
   904    14701  1712370   0.904
   905    14701  1714264   0.905
   906    14701  1716158   0.906
   907    14701  1718052   0.907
   908    14701  1719946   0.908
   909    14701  1721840   0.909
   910    14701  1723734   0.910
   911    14701  1725628   0.911
   912    14701  1727522   0.912
   913    14701  1729416   0.913
   914    14701  1731310   0.914
   915    14701  1733204   0.915
   916    14701  1735098   0.916
   917    14701  1736992   0.917
   918    14701  1738886   0.918
   919    14701  1740780   0.919
   920    14701  1742674   0.920
   921    14701  1744568   0.921
   922    14701  1746462   0.922
   923    14701  1748356   0.923
   924    14701  1750250   0.924
   925    14701  1752144   0.925
   926    14701  1754038   0.926
   927    14701  1755932   0.927
   928    14701  1757826   0.928
   929    14701  1759720   0.929
   930    14701  1761614   0.930
   931    14701  1763508   0.931
   932    14701  1765402   0.932
   933    14701  1767296   0.933
   934    14701  1769190   0.934
   935    14701  1771084   0.935
   936    14701  1772978   0.936
   937    14701  1774872   0.937
   938    14701  1776766   0.938
   939    14701  1778660   0.939
   940    14701  1780554   0.940
   941    14701  1782448   0.941
   942    14701  1784342   0.942
   943    14701  1786236   0.943
   944    14701  1788130   0.944
   945    14701  1790024   0.945
   946    14701  1791918   0.946
   947    14701  1793812   0.947
   948    14701  1795706   0.948
   949    14701  1797600   0.949
   950    14701  1799494   0.950
   951    14701  1801388   0.951
   952    14701  1803282   0.952
   953    14701  1805176   0.953
   954    14701  1807070   0.954
   955    14701  1808964   0.955
   956    14701  1810858   0.956
   957    14701  1812752   0.957
   958    14701  1814646   0.958
   959    14701  1816540   0.959
   960    14701  1818434   0.960
   961    14701  1820328   0.961
   962    14701  1822222   0.962
   963    14701  1824116   0.963
   964    14701  1826010   0.964
   965    14701  1827904   0.965
   966    14701  1829798   0.966
   967    14701  1831692   0.967
   968    14701  1833586   0.968
   969    14701  1835480   0.969
   970    14701  1837374   0.970
   971    14701  1839268   0.971
   972    14701  1841162   0.972
   973    14701  1843056   0.973
   974    14701  1844950   0.974
   975    14701  1846844   0.975
   976    14701  1848738   0.976
   977    14701  1850632   0.977
   978    14701  1852526   0.978
   979    14701  1854420   0.979
   980    14701  1856314   0.980
   981    14701  1858208   0.981
   982    14701  1860102   0.982
   983    14701  1861996   0.983
   984    14701  1863890   0.984
   985    14701  1865784   0.985
   986    14701  1867678   0.986
   987    14701  1869572   0.987
   988    14701  1871466   0.988
   989    14701  1873360   0.989
   990    14701  1875254   0.990
   991    14701  1877148   0.991
   992    14701  1879042   0.992
   993    14701  1880936   0.993
   994    14701  1882830   0.994
   995    14701  1884724   0.995
   996    14701  1886618   0.996
   997    14701  1888512   0.997
   998    14701  1890406   0.998
   999    14701  1892300   0.999
  1000    14701  1894194   1.000
  1001    14701  1896088   1.001
  1002    14701  1897982   1.002
  1003    14701  1899876   1.003
  1004    14701  1901770   1.004
  1005    14701  1903664   1.005
  1006    14701  1905558   1.006
  1007    14701  1907452   1.007
  1008    14701  1909346   1.008
  1009    14701  1911240   1.009
  1010    14701  1913134   1.010
  1011    14701  1915028   1.011
  1012    14701  1916922   1.012
  1013    14701  1918816   1.013
  1014    14701  1920710   1.014
  1015    14701  1922604   1.015
  1016    14701  1924498   1.016
  1017    14701  1926392   1.017
  1018    14701  1928286   1.018
  1019    14701  1930180   1.019
  1020    14701  1932074   1.020
  1021    14701  1933968   1.021
  1022    14701  1935862   1.022
  1023    14701  1937756   1.023
  1024    14701  1939650   1.024
  1025    14701  1941544   1.025
  1026    14701  1943438   1.026
  1027    14701  1945332   1.027
  1028    14701  1947226   1.028
  1029    14701  1949120   1.029
  1030    14701  1951014   1.030
  1031    14701  1952908   1.031
  1032    14701  1954802   1.032
  1033    14701  1956696   1.033
  1034    14701  1958590   1.034
  1035    14701  1960484   1.035
  1036    14701  1962378   1.036
  1037    14701  1964272   1.037
  1038    14701  1966166   1.038
  1039    14701  1968060   1.039
  1040    14701  1969954   1.040
  1041    14701  1971848   1.041
  1042    14701  1973742   1.042
  1043    14701  1975636   1.043
  1044    14701  1977530   1.044
  1045    14701  1979424   1.045
  1046    14701  1981318   1.046
  1047    14701  1983212   1.047
  1048    14701  1985106   1.048
  1049    14701  1987000   1.049
  1050    14701  1988894   1.050
  1051    14701  1990788   1.051
  1052    14701  1992682   1.052
  1053    14701  1994576   1.053
  1054    14701  1996470   1.054
  1055    14701  1998364   1.055
  1056    14701  2000258   1.056
  1057    14701  2002152   1.057
  1058    14701  2004046   1.058
  1059    14701  2005940   1.059
  1060    14701  2007834   1.060
  1061    14701  2009728   1.061
  1062    14701  2011622   1.062
  1063    14701  2013516   1.063
  1064    14701  2015410   1.064
  1065    14701  2017304   1.065
  1066    14701  2019198   1.066
  1067    14701  2021092   1.067
  1068    14701  2022986   1.068
  1069    14701  2024880   1.069
  1070    14701  2026774   1.070
  1071    14701  2028668   1.071
  1072    14701  2030562   1.072
  1073    14701  2032456   1.073
  1074    14701  2034350   1.074
  1075    14701  2036244   1.075
  1076    14701  2038138   1.076
  1077    14701  2040032   1.077
  1078    14701  2041926   1.078
  1079    14701  2043820   1.079
  1080    14701  2045714   1.080
  1081    14701  2047608   1.081
  1082    14701  2049502   1.082
  1083    14701  2051396   1.083
  1084    14701  2053290   1.084
  1085    14701  2055184   1.085
  1086    14701  2057078   1.086
  1087    14701  2058972   1.087
  1088    14701  2060866   1.088
  1089    14701  2062760   1.089
  1090    14701  2064654   1.090
  1091    14701  2066548   1.091
  1092    14701  2068442   1.092
  1093    14701  2070336   1.093
  1094    14701  2072230   1.094
  1095    14701  2074124   1.095
  1096    14701  2076018   1.096
  1097    14701  2077912   1.097
  1098    14701  2079806   1.098
  1099    14701  2081700   1.099
  1100    14701  2083594   1.100
  1101    14701  2085488   1.101
  1102    14701  2087382   1.102
  1103    14701  2089276   1.103
  1104    14701  2091170   1.104
  1105    14701  2093064   1.105
  1106    14701  2094958   1.106
  1107    14701  2096852   1.107
  1108    14701  2098746   1.108
  1109    14701  2100640   1.109
  1110    14701  2102534   1.110
  1111    14701  2104428   1.111
  1112    14701  2106322   1.112
  1113    14701  2108216   1.113
  1114    14701  2110110   1.114
  1115    14701  2112004   1.115
  1116    14701  2113898   1.116
  1117    14701  2115792   1.117
  1118    14701  2117686   1.118
  1119    14701  2119580   1.119
  1120    14701  2121474   1.120
  1121    14701  2123368   1.121
  1122    14701  2125262   1.122
  1123    14701  2127156   1.123
  1124    14701  2129050   1.124
  1125    14701  2130944   1.125
  1126    14701  2132838   1.126
  1127    14701  2134732   1.127
  1128    14701  2136626   1.128
  1129    14701  2138520   1.129
  1130    14701  2140414   1.130
  1131    14701  2142308   1.131
  1132    14701  2144202   1.132
  1133    14701  2146096   1.133
  1134    14701  2147990   1.134
  1135    14701  2149884   1.135
  1136    14701  2151778   1.136
  1137    14701  2153672   1.137
  1138    14701  2155566   1.138
  1139    14701  2157460   1.139
  1140    14701  2159354   1.140
  1141    14701  2161248   1.141
  1142    14701  2163142   1.142
  1143    14701  2165036   1.143
  1144    14701  2166930   1.144
  1145    14701  2168824   1.145
  1146    14701  2170718   1.146
  1147    14701  2172612   1.147
  1148    14701  2174506   1.148
  1149    14701  2176400   1.149
  1150    14701  2178294   1.150
  1151    14701  2180188   1.151
  1152    14701  2182082   1.152
  1153    14701  2183976   1.153
  1154    14701  2185870   1.154
  1155    14701  2187764   1.155
  1156    14701  2189658   1.156
  1157    14701  2191552   1.157
  1158    14701  2193446   1.158
  1159    14701  2195340   1.159
  1160    14701  2197234   1.160
  1161    14701  2199128   1.161
  1162    14701  2201022   1.162
  1163    14701  2202916   1.163
  1164    14701  2204810   1.164
  1165    14701  2206704   1.165
  1166    14701  2208598   1.166
  1167    14701  2210492   1.167
  1168    14701  2212386   1.168
  1169    14701  2214280   1.169
  1170    14701  2216174   1.170
  1171    14701  2218068   1.171
  1172    14701  2219962   1.172
  1173    14701  2221856   1.173
  1174    14701  2223750   1.174
  1175    14701  2225644   1.175
  1176    14701  2227538   1.176
  1177    14701  2229432   1.177
  1178    14701  2231326   1.178
  1179    14701  2233220   1.179
  1180    14701  2235114   1.180
  1181    14701  2237008   1.181
  1182    14701  2238902   1.182
  1183    14701  2240796   1.183
  1184    14701  2242690   1.184
  1185    14701  2244584   1.185
  1186    14701  2246478   1.186
  1187    14701  2248372   1.187
  1188    14701  2250266   1.188
  1189    14701  2252160   1.189
  1190    14701  2254054   1.190
  1191    14701  2255948   1.191
  1192    14701  2257842   1.192
  1193    14701  2259736   1.193
  1194    14701  2261630   1.194
  1195    14701  2263524   1.195
  1196    14701  2265418   1.196
  1197    14701  2267312   1.197
  1198    14701  2269206   1.198
  1199    14701  2271100   1.199
  1200    14701  2272994   1.200
  1201    14701  2274888   1.201
  1202    14701  2276782   1.202
  1203    14701  2278676   1.203
  1204    14701  2280570   1.204
  1205    14701  2282464   1.205
  1206    14701  2284358   1.206
  1207    14701  2286252   1.207
  1208    14701  2288146   1.208
  1209    14701  2290040   1.209
  1210    14701  2291934   1.210
  1211    14701  2293828   1.211
  1212    14701  2295722   1.212
  1213    14701  2297616   1.213
  1214    14701  2299510   1.214
  1215    14701  2301404   1.215
  1216    14701  2303298   1.216
  1217    14701  2305192   1.217
  1218    14701  2307086   1.218
  1219    14701  2308980   1.219
  1220    14701  2310874   1.220
  1221    14701  2312768   1.221
  1222    14701  2314662   1.222
  1223    14701  2316556   1.223
  1224    14701  2318450   1.224
  1225    14701  2320344   1.225
  1226    14701  2322238   1.226
  1227    14701  2324132   1.227
  1228    14701  2326026   1.228
  1229    14701  2327920   1.229
  1230    14701  2329814   1.230
  1231    14701  2331708   1.231
  1232    14701  2333602   1.232
  1233    14701  2335496   1.233
  1234    14701  2337390   1.234
  1235    14701  2339284   1.235
  1236    14701  2341178   1.236
  1237    14701  2343072   1.237
  1238    14701  2344966   1.238
  1239    14701  2346860   1.239
  1240    14701  2348754   1.240
  1241    14701  2350648   1.241
  1242    14701  2352542   1.242
  1243    14701  2354436   1.243
  1244    14701  2356330   1.244
  1245    14701  2358224   1.245
  1246    14701  2360118   1.246
  1247    14701  2362012   1.247
  1248    14701  2363906   1.248
  1249    14701  2365800   1.249
  1250    14701  2367694   1.250
  1251    14701  2369588   1.251
  1252    14701  2371482   1.252
  1253    14701  2373376   1.253
  1254    14701  2375270   1.254
  1255    14701  2377164   1.255
  1256    14701  2379058   1.256
  1257    14701  2380952   1.257
  1258    14701  2382846   1.258
  1259    14701  2384740   1.259
  1260    14701  2386634   1.260
  1261    14701  2388528   1.261
  1262    14701  2390422   1.262
  1263    14701  2392316   1.263
  1264    14701  2394210   1.264
  1265    14701  2396104   1.265
  1266    14701  2397998   1.266
  1267    14701  2399892   1.267
  1268    14701  2401786   1.268
  1269    14701  2403680   1.269
  1270    14701  2405574   1.270
  1271    14701  2407468   1.271
  1272    14701  2409362   1.272
  1273    14701  2411256   1.273
  1274    14701  2413150   1.274
  1275    14701  2415044   1.275
  1276    14701  2416938   1.276
  1277    14701  2418832   1.277
  1278    14701  2420726   1.278
  1279    14701  2422620   1.279
  1280    14701  2424514   1.280
  1281    14701  2426408   1.281
  1282    14701  2428302   1.282
  1283    14701  2430196   1.283
  1284    14701  2432090   1.284
  1285    14701  2433984   1.285
  1286    14701  2435878   1.286
  1287    14701  2437772   1.287
  1288    14701  2439666   1.288
  1289    14701  2441560   1.289
  1290    14701  2443454   1.290
  1291    14701  2445348   1.291
  1292    14701  2447242   1.292
  1293    14701  2449136   1.293
  1294    14701  2451030   1.294
  1295    14701  2452924   1.295
  1296    14701  2454818   1.296
  1297    14701  2456712   1.297
  1298    14701  2458606   1.298
  1299    14701  2460500   1.299
  1300    14701  2462394   1.300
  1301    14701  2464288   1.301
  1302    14701  2466182   1.302
  1303    14701  2468076   1.303
  1304    14701  2469970   1.304
  1305    14701  2471864   1.305
  1306    14701  2473758   1.306
  1307    14701  2475652   1.307
  1308    14701  2477546   1.308
  1309    14701  2479440   1.309
  1310    14701  2481334   1.310
  1311    14701  2483228   1.311
  1312    14701  2485122   1.312
  1313    14701  2487016   1.313
  1314    14701  2488910   1.314
  1315    14701  2490804   1.315
  1316    14701  2492698   1.316
  1317    14701  2494592   1.317
  1318    14701  2496486   1.318
  1319    14701  2498380   1.319
  1320    14701  2500274   1.320
  1321    14701  2502168   1.321
  1322    14701  2504062   1.322
  1323    14701  2505956   1.323
  1324    14701  2507850   1.324
  1325    14701  2509744   1.325
  1326    14701  2511638   1.326
  1327    14701  2513532   1.327
  1328    14701  2515426   1.328
  1329    14701  2517320   1.329
  1330    14701  2519214   1.330
  1331    14701  2521108   1.331
  1332    14701  2523002   1.332
  1333    14701  2524896   1.333
  1334    14701  2526790   1.334
  1335    14701  2528684   1.335
  1336    14701  2530578   1.336
  1337    14701  2532472   1.337
  1338    14701  2534366   1.338
  1339    14701  2536260   1.339
  1340    14701  2538154   1.340
  1341    14701  2540048   1.341
  1342    14701  2541942   1.342
  1343    14701  2543836   1.343
  1344    14701  2545730   1.344
  1345    14701  2547624   1.345
  1346    14701  2549518   1.346
  1347    14701  2551412   1.347
  1348    14701  2553306   1.348
  1349    14701  2555200   1.349
  1350    14701  2557094   1.350
  1351    14701  2558988   1.351
  1352    14701  2560882   1.352
  1353    14701  2562776   1.353
  1354    14701  2564670   1.354
  1355    14701  2566564   1.355
  1356    14701  2568458   1.356
  1357    14701  2570352   1.357
  1358    14701  2572246   1.358
  1359    14701  2574140   1.359
  1360    14701  2576034   1.360
  1361    14701  2577928   1.361
  1362    14701  2579822   1.362
  1363    14701  2581716   1.363
  1364    14701  2583610   1.364
  1365    14701  2585504   1.365
  1366    14701  2587398   1.366
  1367    14701  2589292   1.367
  1368    14701  2591186   1.368
  1369    14701  2593080   1.369
  1370    14701  2594974   1.370
  1371    14701  2596868   1.371
  1372    14701  2598762   1.372
  1373    14701  2600656   1.373
  1374    14701  2602550   1.374
  1375    14701  2604444   1.375
  1376    14701  2606338   1.376
  1377    14701  2608232   1.377
  1378    14701  2610126   1.378
  1379    14701  2612020   1.379
  1380    14701  2613914   1.380
  1381    14701  2615808   1.381
  1382    14701  2617702   1.382
  1383    14701  2619596   1.383
  1384    14701  2621490   1.384
  1385    14701  2623384   1.385
  1386    14701  2625278   1.386
  1387    14701  2627172   1.387
  1388    14701  2629066   1.388
  1389    14701  2630960   1.389
  1390    14701  2632854   1.390
  1391    14701  2634748   1.391
  1392    14701  2636642   1.392
  1393    14701  2638536   1.393
  1394    14701  2640430   1.394
  1395    14701  2642324   1.395
  1396    14701  2644218   1.396
  1397    14701  2646112   1.397
  1398    14701  2648006   1.398
  1399    14701  2649900   1.399
  1400    14701  2651794   1.400
  1401    14701  2653688   1.401
  1402    14701  2655582   1.402
  1403    14701  2657476   1.403
  1404    14701  2659370   1.404
  1405    14701  2661264   1.405
  1406    14701  2663158   1.406
  1407    14701  2665052   1.407
  1408    14701  2666946   1.408
  1409    14701  2668840   1.409
  1410    14701  2670734   1.410
  1411    14701  2672628   1.411
  1412    14701  2674522   1.412
  1413    14701  2676416   1.413
  1414    14701  2678310   1.414
  1415    14701  2680204   1.415
  1416    14701  2682098   1.416
  1417    14701  2683992   1.417
  1418    14701  2685886   1.418
  1419    14701  2687780   1.419
  1420    14701  2689674   1.420
  1421    14701  2691568   1.421
  1422    14701  2693462   1.422
  1423    14701  2695356   1.423
  1424    14701  2697250   1.424
  1425    14701  2699144   1.425
  1426    14701  2701038   1.426
  1427    14701  2702932   1.427
  1428    14701  2704826   1.428
  1429    14701  2706720   1.429
  1430    14701  2708614   1.430
  1431    14701  2710508   1.431
  1432    14701  2712402   1.432
  1433    14701  2714296   1.433
  1434    14701  2716190   1.434
  1435    14701  2718084   1.435
  1436    14701  2719978   1.436
  1437    14701  2721872   1.437
  1438    14701  2723766   1.438
  1439    14701  2725660   1.439
  1440    14701  2727554   1.440
  1441    14701  2729448   1.441
  1442    14701  2731342   1.442
  1443    14701  2733236   1.443
  1444    14701  2735130   1.444
  1445    14701  2737024   1.445
  1446    14701  2738918   1.446
  1447    14701  2740812   1.447
  1448    14701  2742706   1.448
  1449    14701  2744600   1.449
  1450    14701  2746494   1.450
  1451    14701  2748388   1.451
  1452    14701  2750282   1.452
  1453    14701  2752176   1.453
  1454    14701  2754070   1.454
  1455    14701  2755964   1.455
  1456    14701  2757858   1.456
  1457    14701  2759752   1.457
  1458    14701  2761646   1.458
  1459    14701  2763540   1.459
  1460    14701  2765434   1.460
  1461    14701  2767328   1.461
  1462    14701  2769222   1.462
  1463    14701  2771116   1.463
  1464    14701  2773010   1.464
  1465    14701  2774904   1.465
  1466    14701  2776798   1.466
  1467    14701  2778692   1.467
  1468    14701  2780586   1.468
  1469    14701  2782480   1.469
  1470    14701  2784374   1.470
  1471    14701  2786268   1.471
  1472    14701  2788162   1.472
  1473    14701  2790056   1.473
  1474    14701  2791950   1.474
  1475    14701  2793844   1.475
  1476    14701  2795738   1.476
  1477    14701  2797632   1.477
  1478    14701  2799526   1.478
  1479    14701  2801420   1.479
  1480    14701  2803314   1.480
  1481    14701  2805208   1.481
  1482    14701  2807102   1.482
  1483    14701  2808996   1.483
  1484    14701  2810890   1.484
  1485    14701  2812784   1.485
  1486    14701  2814678   1.486
  1487    14701  2816572   1.487
  1488    14701  2818466   1.488
  1489    14701  2820360   1.489
  1490    14701  2822254   1.490
  1491    14701  2824148   1.491
  1492    14701  2826042   1.492
  1493    14701  2827936   1.493
  1494    14701  2829830   1.494
  1495    14701  2831724   1.495
  1496    14701  2833618   1.496
  1497    14701  2835512   1.497
  1498    14701  2837406   1.498
  1499    14701  2839300   1.499
  1500    14701  2841194   1.500
  1501    14701  2843088   1.501
  1502    14701  2844982   1.502
  1503    14701  2846876   1.503
  1504    14701  2848770   1.504
  1505    14701  2850664   1.505
  1506    14701  2852558   1.506
  1507    14701  2854452   1.507
  1508    14701  2856346   1.508
  1509    14701  2858240   1.509
  1510    14701  2860134   1.510
  1511    14701  2862028   1.511
  1512    14701  2863922   1.512
  1513    14701  2865816   1.513
  1514    14701  2867710   1.514
  1515    14701  2869604   1.515
  1516    14701  2871498   1.516
  1517    14701  2873392   1.517
  1518    14701  2875286   1.518
  1519    14701  2877180   1.519
  1520    14701  2879074   1.520
  1521    14701  2880968   1.521
  1522    14701  2882862   1.522
  1523    14701  2884756   1.523
  1524    14701  2886650   1.524
  1525    14701  2888544   1.525
  1526    14701  2890438   1.526
  1527    14701  2892332   1.527
  1528    14701  2894226   1.528
  1529    14701  2896120   1.529
  1530    14701  2898014   1.530
  1531    14701  2899908   1.531
  1532    14701  2901802   1.532
  1533    14701  2903696   1.533
  1534    14701  2905590   1.534
  1535    14701  2907484   1.535
  1536    14701  2909378   1.536
  1537    14701  2911272   1.537
  1538    14701  2913166   1.538
  1539    14701  2915060   1.539
  1540    14701  2916954   1.540
  1541    14701  2918848   1.541
  1542    14701  2920742   1.542
  1543    14701  2922636   1.543
  1544    14701  2924530   1.544
  1545    14701  2926424   1.545
  1546    14701  2928318   1.546
  1547    14701  2930212   1.547
  1548    14701  2932106   1.548
  1549    14701  2934000   1.549
  1550    14701  2935894   1.550
  1551    14701  2937788   1.551
  1552    14701  2939682   1.552
  1553    14701  2941576   1.553
  1554    14701  2943470   1.554
  1555    14701  2945364   1.555
  1556    14701  2947258   1.556
  1557    14701  2949152   1.557
  1558    14701  2951046   1.558
  1559    14701  2952940   1.559
  1560    14701  2954834   1.560
  1561    14701  2956728   1.561
  1562    14701  2958622   1.562
  1563    14701  2960516   1.563
  1564    14701  2962410   1.564
  1565    14701  2964304   1.565
  1566    14701  2966198   1.566
  1567    14701  2968092   1.567
  1568    14701  2969986   1.568
  1569    14701  2971880   1.569
  1570    14701  2973774   1.570
  1571    14701  2975668   1.571
  1572    14701  2977562   1.572
  1573    14701  2979456   1.573
  1574    14701  2981350   1.574
  1575    14701  2983244   1.575
  1576    14701  2985138   1.576
  1577    14701  2987032   1.577
  1578    14701  2988926   1.578
  1579    14701  2990820   1.579
  1580    14701  2992714   1.580
  1581    14701  2994608   1.581
  1582    14701  2996502   1.582
  1583    14701  2998396   1.583
  1584    14701  3000290   1.584
  1585    14701  3002184   1.585
  1586    14701  3004078   1.586
  1587    14701  3005972   1.587
  1588    14701  3007866   1.588
  1589    14701  3009760   1.589
  1590    14701  3011654   1.590
  1591    14701  3013548   1.591
  1592    14701  3015442   1.592
  1593    14701  3017336   1.593
  1594    14701  3019230   1.594
  1595    14701  3021124   1.595
  1596    14701  3023018   1.596
  1597    14701  3024912   1.597
  1598    14701  3026806   1.598
  1599    14701  3028700   1.599
  1600    14701  3030594   1.600
  1601    14701  3032488   1.601
  1602    14701  3034382   1.602
  1603    14701  3036276   1.603
  1604    14701  3038170   1.604
  1605    14701  3040064   1.605
  1606    14701  3041958   1.606
  1607    14701  3043852   1.607
  1608    14701  3045746   1.608
  1609    14701  3047640   1.609
  1610    14701  3049534   1.610
  1611    14701  3051428   1.611
  1612    14701  3053322   1.612
  1613    14701  3055216   1.613
  1614    14701  3057110   1.614
  1615    14701  3059004   1.615
  1616    14701  3060898   1.616
  1617    14701  3062792   1.617
  1618    14701  3064686   1.618
  1619    14701  3066580   1.619
  1620    14701  3068474   1.620
  1621    14701  3070368   1.621
  1622    14701  3072262   1.622
  1623    14701  3074156   1.623
  1624    14701  3076050   1.624
  1625    14701  3077944   1.625
  1626    14701  3079838   1.626
  1627    14701  3081732   1.627
  1628    14701  3083626   1.628
  1629    14701  3085520   1.629
  1630    14701  3087414   1.630
  1631    14701  3089308   1.631
  1632    14701  3091202   1.632
  1633    14701  3093096   1.633
  1634    14701  3094990   1.634
  1635    14701  3096884   1.635
  1636    14701  3098778   1.636
  1637    14701  3100672   1.637
  1638    14701  3102566   1.638
  1639    14701  3104460   1.639
  1640    14701  3106354   1.640
  1641    14701  3108248   1.641
  1642    14701  3110142   1.642
  1643    14701  3112036   1.643
  1644    14701  3113930   1.644
  1645    14701  3115824   1.645
  1646    14701  3117718   1.646
  1647    14701  3119612   1.647
  1648    14701  3121506   1.648
  1649    14701  3123400   1.649
  1650    14701  3125294   1.650
  1651    14701  3127188   1.651
  1652    14701  3129082   1.652
  1653    14701  3130976   1.653
  1654    14701  3132870   1.654
  1655    14701  3134764   1.655
  1656    14701  3136658   1.656
  1657    14701  3138552   1.657
  1658    14701  3140446   1.658
  1659    14701  3142340   1.659
  1660    14701  3144234   1.660
  1661    14701  3146128   1.661
  1662    14701  3148022   1.662
  1663    14701  3149916   1.663
  1664    14701  3151810   1.664
  1665    14701  3153704   1.665
  1666    14701  3155598   1.666
  1667    14701  3157492   1.667
  1668    14701  3159386   1.668
  1669    14701  3161280   1.669
  1670    14701  3163174   1.670
  1671    14701  3165068   1.671
  1672    14701  3166962   1.672
  1673    14701  3168856   1.673
  1674    14701  3170750   1.674
  1675    14701  3172644   1.675
  1676    14701  3174538   1.676
  1677    14701  3176432   1.677
  1678    14701  3178326   1.678
  1679    14701  3180220   1.679
  1680    14701  3182114   1.680
  1681    14701  3184008   1.681
  1682    14701  3185902   1.682
  1683    14701  3187796   1.683
  1684    14701  3189690   1.684
  1685    14701  3191584   1.685
  1686    14701  3193478   1.686
  1687    14701  3195372   1.687
  1688    14701  3197266   1.688
  1689    14701  3199160   1.689
  1690    14701  3201054   1.690
  1691    14701  3202948   1.691
  1692    14701  3204842   1.692
  1693    14701  3206736   1.693
  1694    14701  3208630   1.694
  1695    14701  3210524   1.695
  1696    14701  3212418   1.696
  1697    14701  3214312   1.697
  1698    14701  3216206   1.698
  1699    14701  3218100   1.699
  1700    14701  3219994   1.700
  1701    14701  3221888   1.701
  1702    14701  3223782   1.702
  1703    14701  3225676   1.703
  1704    14701  3227570   1.704
  1705    14701  3229464   1.705
  1706    14701  3231358   1.706
  1707    14701  3233252   1.707
  1708    14701  3235146   1.708
  1709    14701  3237040   1.709
  1710    14701  3238934   1.710
  1711    14701  3240828   1.711
  1712    14701  3242722   1.712
  1713    14701  3244616   1.713
  1714    14701  3246510   1.714
  1715    14701  3248404   1.715
  1716    14701  3250298   1.716
  1717    14701  3252192   1.717
  1718    14701  3254086   1.718
  1719    14701  3255980   1.719
  1720    14701  3257874   1.720
  1721    14701  3259768   1.721
  1722    14701  3261662   1.722
  1723    14701  3263556   1.723
  1724    14701  3265450   1.724
  1725    14701  3267344   1.725
  1726    14701  3269238   1.726
  1727    14701  3271132   1.727
  1728    14701  3273026   1.728
  1729    14701  3274920   1.729
  1730    14701  3276814   1.730
  1731    14701  3278708   1.731
  1732    14701  3280602   1.732
  1733    14701  3282496   1.733
  1734    14701  3284390   1.734
  1735    14701  3286284   1.735
  1736    14701  3288178   1.736
  1737    14701  3290072   1.737
  1738    14701  3291966   1.738
  1739    14701  3293860   1.739
  1740    14701  3295754   1.740
  1741    14701  3297648   1.741
  1742    14701  3299542   1.742
  1743    14701  3301436   1.743
  1744    14701  3303330   1.744
  1745    14701  3305224   1.745
  1746    14701  3307118   1.746
  1747    14701  3309012   1.747
  1748    14701  3310906   1.748
  1749    14701  3312800   1.749
  1750    14701  3314694   1.750
  1751    14701  3316588   1.751
  1752    14701  3318482   1.752
  1753    14701  3320376   1.753
  1754    14701  3322270   1.754
  1755    14701  3324164   1.755
  1756    14701  3326058   1.756
  1757    14701  3327952   1.757
  1758    14701  3329846   1.758
  1759    14701  3331740   1.759
  1760    14701  3333634   1.760
  1761    14701  3335528   1.761
  1762    14701  3337422   1.762
  1763    14701  3339316   1.763
  1764    14701  3341210   1.764
  1765    14701  3343104   1.765
  1766    14701  3344998   1.766
  1767    14701  3346892   1.767
  1768    14701  3348786   1.768
  1769    14701  3350680   1.769
  1770    14701  3352574   1.770
  1771    14701  3354468   1.771
  1772    14701  3356362   1.772
  1773    14701  3358256   1.773
  1774    14701  3360150   1.774
  1775    14701  3362044   1.775
  1776    14701  3363938   1.776
  1777    14701  3365832   1.777
  1778    14701  3367726   1.778
  1779    14701  3369620   1.779
  1780    14701  3371514   1.780
  1781    14701  3373408   1.781
  1782    14701  3375302   1.782
  1783    14701  3377196   1.783
  1784    14701  3379090   1.784
  1785    14701  3380984   1.785
  1786    14701  3382878   1.786
  1787    14701  3384772   1.787
  1788    14701  3386666   1.788
  1789    14701  3388560   1.789
  1790    14701  3390454   1.790
  1791    14701  3392348   1.791
  1792    14701  3394242   1.792
  1793    14701  3396136   1.793
  1794    14701  3398030   1.794
  1795    14701  3399924   1.795
  1796    14701  3401818   1.796
  1797    14701  3403712   1.797
  1798    14701  3405606   1.798
  1799    14701  3407500   1.799
  1800    14701  3409394   1.800
  1801    14701  3411288   1.801
  1802    14701  3413182   1.802
  1803    14701  3415076   1.803
  1804    14701  3416970   1.804
  1805    14701  3418864   1.805
  1806    14701  3420758   1.806
  1807    14701  3422652   1.807
  1808    14701  3424546   1.808
  1809    14701  3426440   1.809
  1810    14701  3428334   1.810
  1811    14701  3430228   1.811
  1812    14701  3432122   1.812
  1813    14701  3434016   1.813
  1814    14701  3435910   1.814
  1815    14701  3437804   1.815
  1816    14701  3439698   1.816
  1817    14701  3441592   1.817
  1818    14701  3443486   1.818
  1819    14701  3445380   1.819
  1820    14701  3447274   1.820
  1821    14701  3449168   1.822
  1822    14701  3451062   1.823
  1823    14701  3452956   1.824
  1824    14701  3454850   1.825
  1825    14701  3456744   1.826
  1826    14701  3458638   1.827
  1827    14701  3460532   1.828
  1828    14701  3462426   1.829
  1829    14701  3464320   1.830
  1830    14701  3466214   1.831
  1831    14701  3468108   1.832
  1832    14701  3470002   1.833
  1833    14701  3471896   1.834
  1834    14701  3473790   1.835
  1835    14701  3475684   1.836
  1836    14701  3477578   1.837
  1837    14701  3479472   1.838
  1838    14701  3481366   1.839
  1839    14701  3483260   1.840
  1840    14701  3485154   1.841
  1841    14701  3487048   1.842
  1842    14701  3488942   1.843
  1843    14701  3490836   1.844
  1844    14701  3492730   1.845
  1845    14701  3494624   1.846
  1846    14701  3496518   1.847
  1847    14701  3498412   1.848
  1848    14701  3500306   1.849
  1849    14701  3502200   1.850
  1850    14701  3504094   1.851
  1851    14701  3505988   1.852
  1852    14701  3507882   1.853
  1853    14701  3509776   1.854
  1854    14701  3511670   1.855
  1855    14701  3513564   1.856
  1856    14701  3515458   1.857
  1857    14701  3517352   1.858
  1858    14701  3519246   1.859
  1859    14701  3521140   1.860
  1860    14701  3523034   1.861
  1861    14701  3524928   1.862
  1862    14701  3526822   1.863
  1863    14701  3528716   1.864
  1864    14701  3530610   1.865
  1865    14701  3532504   1.866
  1866    14701  3534398   1.867
  1867    14701  3536292   1.868
  1868    14701  3538186   1.869
  1869    14701  3540080   1.870
  1870    14701  3541974   1.871
  1871    14701  3543868   1.872
  1872    14701  3545762   1.873
  1873    14701  3547656   1.874
  1874    14701  3549550   1.875
  1875    14701  3551444   1.876
  1876    14701  3553338   1.877
  1877    14701  3555232   1.878
  1878    14701  3557126   1.879
  1879    14701  3559020   1.880
  1880    14701  3560914   1.881
  1881    14701  3562808   1.882
  1882    14701  3564702   1.883
  1883    14701  3566596   1.884
  1884    14701  3568490   1.885
  1885    14701  3570384   1.886
  1886    14701  3572278   1.887
  1887    14701  3574172   1.888
  1888    14701  3576066   1.889
  1889    14701  3577960   1.890
  1890    14701  3579854   1.891
  1891    14701  3581748   1.892
  1892    14701  3583642   1.893
  1893    14701  3585536   1.894
  1894    14701  3587430   1.895
  1895    14701  3589324   1.896
  1896    14701  3591218   1.897
  1897    14701  3593112   1.898
  1898    14701  3595006   1.899
  1899    14701  3596900   1.900
  1900    14701  3598794   1.901
  1901    14701  3600688   1.902
  1902    14701  3602582   1.903
  1903    14701  3604476   1.904
  1904    14701  3606370   1.905
  1905    14701  3608264   1.906
  1906    14701  3610158   1.907
  1907    14701  3612052   1.908
  1908    14701  3613946   1.909
  1909    14701  3615840   1.910
  1910    14701  3617734   1.911
  1911    14701  3619628   1.912
  1912    14701  3621522   1.913
  1913    14701  3623416   1.914
  1914    14701  3625310   1.915
  1915    14701  3627204   1.916
  1916    14701  3629098   1.917
  1917    14701  3630992   1.918
  1918    14701  3632886   1.919
  1919    14701  3634780   1.920
  1920    14701  3636674   1.921
  1921    14701  3638568   1.922
  1922    14701  3640462   1.923
  1923    14701  3642356   1.924
  1924    14701  3644250   1.925
  1925    14701  3646144   1.926
  1926    14701  3648038   1.927
  1927    14701  3649932   1.928
  1928    14701  3651826   1.929
  1929    14701  3653720   1.930
  1930    14701  3655614   1.931
  1931    14701  3657508   1.932
  1932    14701  3659402   1.933
  1933    14701  3661296   1.934
  1934    14701  3663190   1.935
  1935    14701  3665084   1.936
  1936    14701  3666978   1.937
  1937    14701  3668872   1.938
  1938    14701  3670766   1.939
  1939    14701  3672660   1.940
  1940    14701  3674554   1.941
  1941    14701  3676448   1.942
  1942    14701  3678342   1.943
  1943    14701  3680236   1.944
  1944    14701  3682130   1.945
  1945    14701  3684024   1.946
  1946    14701  3685918   1.947
  1947    14701  3687812   1.948
  1948    14701  3689706   1.949
  1949    14701  3691600   1.950
  1950    14701  3693494   1.951
  1951    14701  3695388   1.952
  1952    14701  3697282   1.953
  1953    14701  3699176   1.954
  1954    14701  3701070   1.955
  1955    14701  3702964   1.956
  1956    14701  3704858   1.957
  1957    14701  3706752   1.958
  1958    14701  3708646   1.959
  1959    14701  3710540   1.960
  1960    14701  3712434   1.961
  1961    14701  3714328   1.962
  1962    14701  3716222   1.963
  1963    14701  3718116   1.964
  1964    14701  3720010   1.965
  1965    14701  3721904   1.966
  1966    14701  3723798   1.967
  1967    14701  3725692   1.968
  1968    14701  3727586   1.969
  1969    14701  3729480   1.970
  1970    14701  3731374   1.971
  1971    14701  3733268   1.972
  1972    14701  3735162   1.973
  1973    14701  3737056   1.974
  1974    14701  3738950   1.975
  1975    14701  3740844   1.976
  1976    14701  3742738   1.977
  1977    14701  3744632   1.978
  1978    14701  3746526   1.979
  1979    14701  3748420   1.980
  1980    14701  3750314   1.981
  1981    14701  3752208   1.982
  1982    14701  3754102   1.983
  1983    14701  3755996   1.984
  1984    14701  3757890   1.985
  1985    14701  3759784   1.986
  1986    14701  3761678   1.987
  1987    14701  3763572   1.988
  1988    14701  3765466   1.989
  1989    14701  3767360   1.990
  1990    14701  3769254   1.991
  1991    14701  3771148   1.992
  1992    14701  3773042   1.993
  1993    14701  3774936   1.994
  1994    14701  3776830   1.995
  1995    14701  3778724   1.996
  1996    14701  3780618   1.997
  1997    14701  3782512   1.998
  1998    14701  3784406   1.999
  1999    14701  3786300   2.000
  2000    14701  3788194   2.001
