 0.000E+00 0.000E+00
 0.316E+12 0.621E+16
 0.631E+12 0.627E+16
 0.947E+12 0.629E+16
 0.126E+13 0.631E+16
 0.158E+13 0.632E+16
 0.189E+13 0.635E+16
 0.221E+13 0.636E+16
 0.252E+13 0.637E+16
 0.284E+13 0.638E+16
 0.316E+13 0.640E+16
 0.347E+13 0.641E+16
 0.379E+13 0.641E+16
 0.410E+13 0.642E+16
 0.442E+13 0.645E+16
 0.473E+13 0.645E+16
 0.505E+13 0.645E+16
 0.536E+13 0.646E+16
 0.568E+13 0.648E+16
 0.600E+13 0.649E+16
 0.631E+13 0.649E+16
 0.663E+13 0.649E+16
 0.694E+13 0.652E+16
 0.726E+13 0.652E+16
 0.757E+13 0.652E+16
 0.789E+13 0.653E+16
 0.821E+13 0.655E+16
 0.852E+13 0.655E+16
 0.884E+13 0.655E+16
 0.915E+13 0.656E+16
 0.947E+13 0.658E+16
 0.978E+13 0.658E+16
 0.101E+14 0.659E+16
 0.104E+14 0.659E+16
 0.107E+14 0.661E+16
 0.110E+14 0.661E+16
 0.114E+14 0.662E+16
 0.117E+14 0.662E+16
 0.120E+14 0.664E+16
 0.123E+14 0.664E+16
 0.126E+14 0.665E+16
 0.129E+14 0.666E+16
 0.133E+14 0.668E+16
 0.136E+14 0.668E+16
 0.139E+14 0.669E+16
 0.142E+14 0.669E+16
 0.145E+14 0.671E+16
 0.148E+14 0.672E+16
 0.151E+14 0.672E+16
 0.155E+14 0.673E+16
 0.158E+14 0.675E+16
 0.161E+14 0.675E+16
 0.164E+14 0.676E+16
 0.167E+14 0.677E+16
 0.170E+14 0.679E+16
 0.174E+14 0.679E+16
 0.177E+14 0.680E+16
 0.180E+14 0.680E+16
 0.183E+14 0.682E+16
 0.186E+14 0.682E+16
 0.189E+14 0.683E+16
 0.193E+14 0.684E+16
 0.196E+14 0.686E+16
 0.199E+14 0.686E+16
 0.202E+14 0.687E+16
 0.205E+14 0.688E+16
 0.208E+14 0.690E+16
 0.211E+14 0.690E+16
 0.215E+14 0.690E+16
 0.218E+14 0.691E+16
 0.221E+14 0.693E+16
 0.224E+14 0.694E+16
 0.227E+14 0.695E+16
 0.230E+14 0.696E+16
 0.234E+14 0.698E+16
 0.237E+14 0.699E+16
 0.240E+14 0.699E+16
 0.243E+14 0.700E+16
 0.246E+14 0.702E+16
 0.249E+14 0.703E+16
 0.252E+14 0.703E+16
 0.256E+14 0.704E+16
 0.259E+14 0.707E+16
 0.262E+14 0.707E+16
 0.265E+14 0.708E+16
 0.268E+14 0.709E+16
 0.271E+14 0.711E+16
 0.275E+14 0.712E+16
 0.278E+14 0.712E+16
 0.281E+14 0.713E+16
 0.284E+14 0.715E+16
 0.287E+14 0.716E+16
 0.290E+14 0.716E+16
 0.293E+14 0.717E+16
 0.297E+14 0.719E+16
 0.300E+14 0.720E+16
 0.303E+14 0.720E+16
 0.306E+14 0.722E+16
 0.309E+14 0.724E+16
 0.312E+14 0.724E+16
 0.316E+14 0.725E+16
 0.319E+14 0.726E+16
 0.322E+14 0.728E+16
 0.325E+14 0.729E+16
 0.328E+14 0.729E+16
 0.331E+14 0.730E+16
 0.335E+14 0.732E+16
 0.338E+14 0.733E+16
 0.341E+14 0.733E+16
 0.344E+14 0.734E+16
 0.347E+14 0.737E+16
 0.350E+14 0.737E+16
 0.353E+14 0.738E+16
 0.357E+14 0.739E+16
 0.360E+14 0.741E+16
 0.363E+14 0.742E+16
 0.366E+14 0.742E+16
 0.369E+14 0.743E+16
 0.372E+14 0.745E+16
 0.376E+14 0.746E+16
 0.379E+14 0.746E+16
 0.382E+14 0.748E+16
 0.385E+14 0.750E+16
 0.388E+14 0.750E+16
 0.391E+14 0.751E+16
 0.394E+14 0.752E+16
 0.398E+14 0.754E+16
 0.401E+14 0.755E+16
 0.404E+14 0.755E+16
 0.407E+14 0.756E+16
 0.410E+14 0.758E+16
 0.413E+14 0.759E+16
 0.417E+14 0.759E+16
 0.420E+14 0.761E+16
 0.423E+14 0.763E+16
 0.426E+14 0.763E+16
 0.429E+14 0.764E+16
 0.432E+14 0.765E+16
 0.436E+14 0.767E+16
 0.439E+14 0.768E+16
 0.442E+14 0.768E+16
 0.445E+14 0.769E+16
 0.448E+14 0.772E+16
 0.451E+14 0.772E+16
 0.454E+14 0.773E+16
 0.458E+14 0.774E+16
 0.461E+14 0.776E+16
 0.464E+14 0.777E+16
 0.467E+14 0.777E+16
 0.470E+14 0.778E+16
 0.473E+14 0.781E+16
 0.477E+14 0.781E+16
 0.480E+14 0.782E+16
 0.483E+14 0.783E+16
 0.486E+14 0.785E+16
 0.489E+14 0.786E+16
 0.492E+14 0.786E+16
 0.495E+14 0.787E+16
 0.499E+14 0.790E+16
 0.502E+14 0.790E+16
 0.505E+14 0.790E+16
 0.508E+14 0.792E+16
 0.511E+14 0.794E+16
 0.514E+14 0.795E+16
 0.518E+14 0.795E+16
 0.521E+14 0.796E+16
 0.524E+14 0.799E+16
 0.527E+14 0.799E+16
 0.530E+14 0.800E+16
 0.533E+14 0.801E+16
 0.536E+14 0.804E+16
 0.540E+14 0.804E+16
 0.543E+14 0.804E+16
 0.546E+14 0.806E+16
 0.549E+14 0.808E+16
 0.552E+14 0.809E+16
 0.555E+14 0.809E+16
 0.559E+14 0.810E+16
 0.562E+14 0.813E+16
 0.565E+14 0.813E+16
 0.568E+14 0.814E+16
 0.571E+14 0.815E+16
 0.574E+14 0.817E+16
 0.578E+14 0.818E+16
 0.581E+14 0.818E+16
 0.584E+14 0.820E+16
 0.587E+14 0.822E+16
 0.590E+14 0.823E+16
 0.593E+14 0.823E+16
 0.596E+14 0.824E+16
 0.600E+14 0.827E+16
 0.603E+14 0.827E+16
 0.606E+14 0.828E+16
 0.609E+14 0.829E+16
 0.612E+14 0.832E+16
 0.615E+14 0.832E+16
 0.619E+14 0.832E+16
 0.622E+14 0.834E+16
 0.625E+14 0.837E+16
 0.628E+14 0.837E+16
 0.631E+14 0.837E+16
